[gd_scene load_steps=4 format=3 uid="uid://dbbp2vfgxplct"]

[ext_resource type="Script" path="res://general/Camera3DLookAt.gd" id="1_2ogun"]

[sub_resource type="TextMesh" id="TextMesh_53e31"]
text = "Winner"

[sub_resource type="Curve3D" id="Curve3D_4j87k"]
_data = {
"points": PackedVector3Array(-0.00614762, -1.163, 0.919932, 0.00614762, 1.163, -0.919932, 2.09679, -0.448774, -0.0801897, 2.05702, -0.40779, -0.324776, -2.05702, 0.40779, 0.324776, 0.0456099, 0.233364, -1.84121, 0.691371, 1.00937, -1.44756, -0.691371, -1.00937, 1.44756, -1.76678, 0.382101, 0.037635, 0.0402008, 0.783823, -0.240493, -0.0402008, -0.783823, 0.240493, -0.0705782, -0.270968, 2.16711, -0.00614762, -1.163, 0.919932, 0.00614762, 1.163, -0.919932, 2.09679, -0.448774, -0.0801897),
"tilts": PackedFloat32Array(0, 0, 0.141098, -0.899508, 0)
}
point_count = 5

[node name="WinScene" type="Node3D"]

[node name="CSGMesh3DWinner" type="CSGMesh3D" parent="."]
transform = Transform3D(5, 0, 0, 0, 5, 0, 0, 0, 5, 0, 0, 0)
mesh = SubResource("TextMesh_53e31")

[node name="Path3D" type="Path3D" parent="."]
curve = SubResource("Curve3D_4j87k")

[node name="PathFollow3D" type="PathFollow3D" parent="Path3D"]
unique_name_in_owner = true
transform = Transform3D(0.999977, -0.00524108, -0.00414577, -4.65661e-10, 0.620387, -0.784295, 0.00668255, 0.784277, 0.620374, 2.09679, -0.448774, -0.0801897)

[node name="Camera3D" type="Camera3D" parent="Path3D/PathFollow3D" node_paths=PackedStringArray("target")]
transform = Transform3D(-0.589623, 0.0959979, 0.801954, 0.745568, 0.446529, 0.494714, -0.310604, 0.889605, -0.334856, 0.572404, 0.536349, -0.0263901)
script = ExtResource("1_2ogun")
target = NodePath("../../../CSGMesh3DWinner")

[node name="SpotLight3D" type="SpotLight3D" parent="."]
transform = Transform3D(0.585184, 0, -0.810901, 0, 1, 0, 0.810901, 0, 0.585184, -1.90518, 0.144751, 1.51702)
light_energy = 6.333
